0,0,0,0,0,0,0,0,0,0,0,0,0,0,0,0,0,0,0,0,0,0,0,0,0
0,4,1,1,1,1,0,1,1,1,0,1,1,1,1,1,1,1,1,1,1,1,1,1,0
0,1,1,1,1,1,0,1,0,1,0,6,0,0,0,0,0,0,0,1,1,1,1,1,0
0,1,1,1,1,1,0,1,0,1,0,1,1,1,1,1,1,1,0,0,0,0,0,1,0
0,1,1,1,1,1,8,1,0,1,1,1,1,1,1,1,1,1,1,1,1,1,1,1,0
0,0,1,0,0,0,0,1,0,0,0,0,0,0,0,0,0,10,0,1,1,1,1,1,0
0,1,1,1,1,1,0,1,0,1,1,1,1,1,1,1,0,1,0,1,1,1,1,1,0
0,1,1,1,1,1,0,1,0,1,1,0,0,1,1,1,0,1,0,1,1,1,1,1,0
0,1,1,1,1,1,0,1,0,1,1,0,0,1,1,1,0,1,0,1,1,1,1,1,0
0,1,1,1,1,1,0,1,0,1,1,1,1,1,1,1,0,1,0,1,1,1,1,1,0
2,1,1,1,1,1,1,1,0,11,1,1,1,1,1,1,0,1,0,0,0,0,0,0,0
0,0,0,0,0,0,0,1,0,1,0,1,1,1,1,1,0,1,1,1,1,1,1,1,3
0,1,1,1,1,1,0,1,0,1,0,1,1,1,1,1,0,1,1,1,1,1,1,1,0
0,1,1,1,1,1,0,1,0,1,0,0,0,0,0,0,0,0,0,1,1,1,1,1,0
0,0,0,0,0,1,0,1,0,1,0,1,1,1,1,1,0,1,0,1,0,0,0,0,0
0,0,0,0,0,1,0,1,0,1,0,1,1,1,1,1,0,1,0,1,1,1,1,1,0
0,1,1,1,1,1,0,1,0,1,0,1,1,1,1,1,0,1,0,1,1,1,1,1,0
0,1,1,1,1,1,0,7,0,1,1,1,1,1,1,1,0,1,0,1,1,1,1,1,0
0,1,1,1,1,1,1,1,1,1,0,1,1,1,1,1,1,1,0,1,1,1,1,1,0
0,1,1,1,1,1,1,1,0,1,0,0,0,0,0,1,1,12,1,1,1,1,1,1,0
0,1,1,1,0,0,0,0,0,0,0,0,0,0,0,0,0,0,0,0,0,0,1,0,0
0,1,1,1,0,1,1,13,0,1,1,1,1,1,1,1,9,0,1,1,1,1,1,1,0
0,1,1,1,0,1,0,1,1,1,1,1,1,1,1,0,1,1,1,1,1,1,1,1,0
0,1,1,1,1,1,0,1,1,1,1,1,1,1,1,0,1,1,1,1,1,1,1,5,0
0,0,0,0,0,0,0,0,0,0,0,0,0,0,0,0,0,0,0,0,0,0,0,0,0

YSK1:2
YSK2:3
Kafe:4
Restoran:5
Hastane1:6
Hastane2:7
Eczane1:8
Eczane2:9
Okul1:10
Okul2:11
Market1:12
Market2:13

























